2.021529400000000044e-08 -8.542747699999999778e-08 1.345540000000000050e-08 1.938929599999999884e-07 1.493258800000000007e-06 2.845631700000000130e-07 2.243859799999999887e-07 1.179012000000000023e-08 -6.966886000000000368e-05 1.522180599999999942e-06 2.054491299999999931e-05 -3.770229999999999849e-04 -1.983938400000000006e-04 -4.843311400000000047e-05 4.042231500000000365e-06 -3.223532099999999690e-05 2.831097899999999886e-06 -1.115897699999999980e-05 -8.715530999999999615e-06 1.048708099999999962e-05 -2.611546300000000126e-08 -6.216045599999999523e-08 -2.403867399999999772e-07 -3.912856700000000212e-07 -8.207608600000000480e-07 -1.886845899999999935e-06 2.063397999999999909e-09 -1.804895700000000120e-10
-8.542747699999999778e-08 1.350356599999999925e-06 -1.034055500000000018e-07 -1.745508499999999976e-06 -2.098742199999999850e-05 -5.080476000000000289e-07 -3.135156399999999882e-06 -1.355241300000000114e-07 -1.109883900000000021e-04 -9.931199000000000492e-07 -5.539713399999999821e-05 3.190493800000000139e-04 5.465685499999999595e-04 3.711679899999999937e-04 5.129610099999999976e-04 9.153208999999999662e-05 -8.821578999999999586e-06 -1.625643799999999968e-05 -2.750500499999999874e-05 2.886028399999999834e-05 -1.273694699999999982e-08 4.275415100000000005e-07 7.957070000000000457e-07 2.158348399999999967e-06 4.088810999999999806e-06 1.775207500000000062e-05 2.765831100000000094e-09 -1.898698100000000044e-08
1.345540000000000050e-08 -1.034055500000000018e-07 9.203933400000000174e-08 1.823575000000000102e-07 2.336662100000000167e-06 2.077796999999999954e-07 3.423694699999999977e-07 7.973139900000000003e-10 -1.290988599999999988e-05 8.002947000000000306e-07 6.855374699999999747e-06 -5.827502700000000078e-05 -6.606711099999999812e-06 3.019225900000000010e-05 1.523272699999999955e-05 -8.966501000000000703e-06 5.098962499999999718e-06 -9.399209500000000730e-06 -1.208659200000000024e-05 -1.330518299999999943e-05 -7.441504399999999580e-08 -4.369395599999999990e-08 -3.272599899999999970e-07 -2.610105099999999765e-07 -5.996695099999999917e-07 -2.361165799999999971e-06 6.482379600000000394e-10 3.326787900000000206e-10
1.938929599999999884e-07 -1.745508499999999976e-06 1.823575000000000102e-07 6.207263700000000049e-05 3.293484299999999945e-05 1.201849800000000007e-04 7.132914399999999647e-06 4.532354099999999868e-08 -1.719053199999999969e-03 4.560237100000000303e-05 6.982863599999999732e-04 -1.217790799999999944e-02 -3.856626000000000151e-03 3.374764699999999846e-04 1.206492300000000083e-03 -1.347872300000000061e-03 -5.907702100000000386e-04 -5.058120899999999807e-04 -3.924071600000000101e-04 -2.297346299999999963e-04 -8.975963999999999549e-07 -2.254399600000000207e-06 -1.571967499999999955e-05 -8.348734999999999273e-06 -1.641062400000000072e-05 -4.036885799999999743e-05 -4.593652999999999874e-08 -2.855448600000000152e-08
1.493258800000000007e-06 -2.098742199999999850e-05 2.336662100000000167e-06 3.293484299999999945e-05 9.418100100000000247e-04 1.495099000000000066e-05 4.983806700000000287e-05 -2.260375400000000011e-07 1.428128799999999919e-03 1.145596399999999994e-05 -2.216445700000000069e-04 1.073480400000000057e-02 -9.325535399999999517e-03 -1.035967500000000048e-02 -9.665432499999999580e-03 -4.365313799999999845e-04 5.315794800000000478e-04 2.939809099999999968e-04 6.071176299999999845e-04 -2.768465200000000078e-04 -1.762922999999999926e-05 -1.420103099999999986e-05 -1.365482200000000030e-05 -4.450508399999999803e-05 -4.642824399999999742e-05 -1.940842200000000091e-04 -5.925602399999999907e-08 4.008514999999999813e-07
2.845631700000000130e-07 -5.080476000000000289e-07 2.077796999999999954e-07 1.201849800000000007e-04 1.495099000000000066e-05 2.680082699999999777e-04 5.962787899999999628e-06 1.263303499999999991e-05 -4.386109099999999615e-03 1.274643899999999982e-04 1.354454800000000000e-03 -2.263129300000000024e-02 -4.839243000000000017e-03 4.548182100000000040e-03 1.009444900000000013e-02 -3.423386499999999787e-03 -1.400365300000000089e-03 -1.841674400000000095e-03 -1.420370599999999997e-03 1.546709899999999934e-03 3.152098999999999829e-07 -1.293685399999999975e-06 -3.585724500000000265e-05 -8.032848599999999674e-06 -2.686667599999999911e-05 -2.040709300000000069e-05 9.210883400000000114e-08 -1.173569800000000035e-07
2.243859799999999887e-07 -3.135156399999999882e-06 3.423694699999999977e-07 7.132914399999999647e-06 4.983806700000000287e-05 5.962787899999999628e-06 1.637567299999999923e-05 3.326667100000000038e-07 -3.960725699999999815e-03 1.062170200000000044e-04 8.557764199999999891e-04 -1.995888499999999913e-02 -5.723072299999999724e-03 1.699374399999999943e-03 4.276604699999999627e-03 -2.153842699999999801e-03 2.436776399999999955e-04 -3.968111399999999889e-04 -3.464301300000000245e-04 1.000102500000000063e-03 2.724236200000000133e-06 -3.404494999999999940e-07 -1.330507399999999959e-06 -8.424671499999999524e-06 -9.853661999999999577e-06 -3.886628400000000045e-05 -7.548725100000000349e-08 -1.874652299999999921e-08
1.179012000000000023e-08 -1.355241300000000114e-07 7.973139900000000003e-10 4.532354099999999868e-08 -2.260375400000000011e-07 1.263303499999999991e-05 3.326667100000000038e-07 6.423936099999999686e-06 5.834990500000000356e-04 -4.392195500000000255e-06 1.047753200000000009e-05 3.310295500000000161e-03 8.123210799999999688e-04 5.091380899999999824e-04 1.496593700000000077e-03 -7.305408000000000106e-05 6.001506900000000265e-05 -8.564403699999999643e-05 -3.420296899999999952e-05 9.623138100000000299e-04 1.373656500000000042e-06 1.182030300000000086e-06 -2.312664200000000052e-06 1.771860400000000060e-06 -3.058132599999999772e-07 1.084517999999999939e-05 8.389692900000000725e-09 4.167875399999999655e-09
-6.966886000000000368e-05 -1.109883900000000021e-04 -1.290988599999999988e-05 -1.719053199999999969e-03 1.428128799999999919e-03 -4.386109099999999615e-03 -3.960725699999999815e-03 5.834990500000000356e-04 4.454007399999999706e+01 -4.093324600000000091e-01 -7.311971600000000127e-01 3.672528700000000157e+01 1.747395999999999949e+00 -1.322512299999999996e+01 -5.519486599999999754e+01 -1.686547999999999936e-01 6.241326700000000144e-02 7.562871700000000086e-01 -5.480029700000000226e+00 -3.266818700000000320e+01 3.026215799999999907e-03 1.868258299999999913e-03 -6.752779500000000157e-03 5.863008999999999755e-03 8.273822199999999322e-03 -2.698864000000000124e-02 -2.117541000000000128e-04 7.348303200000000325e-04
1.522180599999999942e-06 -9.931199000000000492e-07 8.002947000000000306e-07 4.560237100000000303e-05 1.145596399999999994e-05 1.274643899999999982e-04 1.062170200000000044e-04 -4.392195500000000255e-06 -4.093324600000000091e-01 8.043757599999999675e-02 -2.937979900000000158e-02 -7.337083800000000489e-01 9.130693699999999913e-01 1.723564400000000107e+00 6.835215900000000122e-01 3.017604299999999962e-02 -5.504605499999999825e-03 6.307517399999999601e-03 1.057557600000000042e-01 1.415681299999999865e-01 -1.778511099999999961e-04 -3.954694799999999703e-05 3.962859400000000028e-04 1.776371299999999890e-04 -2.986452100000000259e-04 3.164889699999999962e-04 2.872835599999999803e-06 -2.460634599999999936e-06
2.054491299999999931e-05 -5.539713399999999821e-05 6.855374699999999747e-06 6.982863599999999732e-04 -2.216445700000000069e-04 1.354454800000000000e-03 8.557764199999999891e-04 1.047753200000000009e-05 -7.311971600000000127e-01 -2.937979900000000158e-02 3.757565899999999903e+00 -3.007141100000000122e+01 -2.996511799999999948e+00 7.628262099999999712e+00 4.993658899999999790e+00 -2.597440499999999819e+00 -2.278997299999999948e-01 9.107769300000000123e-02 2.569697399999999909e+00 3.146184400000000103e+00 -4.051550399999999819e-04 -4.224041600000000008e-05 -1.947341499999999956e-03 -1.184370699999999960e-04 1.092771300000000079e-03 5.657777799999999741e-04 1.255538900000000035e-04 -3.139072800000000077e-05
-3.770229999999999849e-04 3.190493800000000139e-04 -5.827502700000000078e-05 -1.217790799999999944e-02 1.073480400000000057e-02 -2.263129300000000024e-02 -1.995888499999999913e-02 3.310295500000000161e-03 3.672528700000000157e+01 -7.337083800000000489e-01 -3.007141100000000122e+01 7.631562999999999874e+02 6.362491500000000144e+01 -6.007861700000000127e+01 -6.283608799999999661e+01 1.363335799999999942e+01 -5.611387800000000148e+00 5.856858899999999757e+00 -1.254909499999999944e+01 -2.514127600000000129e+01 -1.317526600000000058e-03 -1.938861399999999976e-03 1.871228700000000106e-02 1.679271499999999973e-02 -5.353058899999999821e-03 -2.611260199999999865e-02 3.417870999999999843e-03 4.351618699999999828e-04
-1.983938400000000006e-04 5.465685499999999595e-04 -6.606711099999999812e-06 -3.856626000000000151e-03 -9.325535399999999517e-03 -4.839243000000000017e-03 -5.723072299999999724e-03 8.123210799999999688e-04 1.747395999999999949e+00 9.130693699999999913e-01 -2.996511799999999948e+00 6.362491500000000144e+01 5.976914800000000128e+01 3.935700899999999791e+01 1.433127499999999976e+01 -4.900733699999999970e+00 -6.612415200000000270e-01 -1.365277700000000038e+00 3.563594699999999893e+00 4.374320799999999565e+00 -1.573714500000000099e-03 -2.321504799999999844e-05 5.559465500000000150e-03 8.544997000000000356e-03 5.948022699999999663e-03 1.277299800000000068e-02 1.952749999999999896e-05 1.536828799999999905e-04
-4.843311400000000047e-05 3.711679899999999937e-04 3.019225900000000010e-05 3.374764699999999846e-04 -1.035967500000000048e-02 4.548182100000000040e-03 1.699374399999999943e-03 5.091380899999999824e-04 -1.322512299999999996e+01 1.723564400000000107e+00 7.628262099999999712e+00 -6.007861700000000127e+01 3.935700899999999791e+01 8.471039000000000385e+01 5.230245599999999939e+01 -1.151975499999999997e+01 -9.689602299999999779e-01 -1.018009699999999906e+00 4.597150499999999695e+00 7.804886599999999675e+00 -4.566673700000000065e-03 2.040236899999999833e-03 1.086403900000000068e-02 1.325775600000000075e-02 2.479878699999999835e-03 1.153551700000000034e-02 4.277591200000000035e-04 -3.607949600000000148e-04
4.042231500000000365e-06 5.129610099999999976e-04 1.523272699999999955e-05 1.206492300000000083e-03 -9.665432499999999580e-03 1.009444900000000013e-02 4.276604699999999627e-03 1.496593700000000077e-03 -5.519486599999999754e+01 6.835215900000000122e-01 4.993658899999999790e+00 -6.283608799999999661e+01 1.433127499999999976e+01 5.230245599999999939e+01 1.028996300000000019e+02 -8.750317300000000742e+00 -5.868092999999999781e-01 -1.595440299999999922e+00 5.028147500000000214e+00 3.288775799999999805e+01 -3.807941599999999788e-03 6.079949699999999662e-04 1.093621399999999966e-02 2.534094800000000029e-03 -3.339806800000000124e-03 2.707305100000000075e-02 4.893029699999999716e-04 -1.355853300000000065e-03
-3.223532099999999690e-05 9.153208999999999662e-05 -8.966501000000000703e-06 -1.347872300000000061e-03 -4.365313799999999845e-04 -3.423386499999999787e-03 -2.153842699999999801e-03 -7.305408000000000106e-05 -1.686547999999999936e-01 3.017604299999999962e-02 -2.597440499999999819e+00 1.363335799999999942e+01 -4.900733699999999970e+00 -1.151975499999999997e+01 -8.750317300000000742e+00 5.607477000000000267e+00 1.669835899999999873e-01 -1.320495700000000050e-01 -2.044374299999999867e+00 -2.286600099999999802e+00 -7.936022200000000110e-04 -4.895323100000000503e-04 2.643299500000000166e-03 -7.351238200000000458e-04 -1.430838700000000054e-03 6.968075699999999595e-03 -9.503308199999999388e-05 1.881844299999999897e-06
2.831097899999999886e-06 -8.821578999999999586e-06 5.098962499999999718e-06 -5.907702100000000386e-04 5.315794800000000478e-04 -1.400365300000000089e-03 2.436776399999999955e-04 6.001506900000000265e-05 6.241326700000000144e-02 -5.504605499999999825e-03 -2.278997299999999948e-01 -5.611387800000000148e+00 -6.612415200000000270e-01 -9.689602299999999779e-01 -5.868092999999999781e-01 1.669835899999999873e-01 3.366035099999999947e+00 6.536064000000000318e-01 1.529888699999999990e-01 1.840070400000000106e-01 -2.940870500000000221e-04 4.622350399999999979e-05 6.655693299999999521e-04 -9.599824799999999913e-04 -8.094636799999999511e-04 -4.665561700000000166e-03 1.701649400000000039e-04 -3.882197800000000183e-05
-1.115897699999999980e-05 -1.625643799999999968e-05 -9.399209500000000730e-06 -5.058120899999999807e-04 2.939809099999999968e-04 -1.841674400000000095e-03 -3.968111399999999889e-04 -8.564403699999999643e-05 7.562871700000000086e-01 6.307517399999999601e-03 9.107769300000000123e-02 5.856858899999999757e+00 -1.365277700000000038e+00 -1.018009699999999906e+00 -1.595440299999999922e+00 -1.320495700000000050e-01 6.536064000000000318e-01 3.254884500000000180e+00 2.714938500000000143e+00 2.550413400000000053e+00 -3.910232000000000139e-04 -4.560171800000000072e-04 1.747151099999999990e-03 -3.176140600000000027e-04 2.704142799999999821e-04 -2.533027399999999898e-03 -1.825333500000000063e-04 -4.918930199999999893e-05
-8.715530999999999615e-06 -2.750500499999999874e-05 -1.208659200000000024e-05 -3.924071600000000101e-04 6.071176299999999845e-04 -1.420370599999999997e-03 -3.464301300000000245e-04 -3.420296899999999952e-05 -5.480029700000000226e+00 1.057557600000000042e-01 2.569697399999999909e+00 -1.254909499999999944e+01 3.563594699999999893e+00 4.597150499999999695e+00 5.028147500000000214e+00 -2.044374299999999867e+00 1.529888699999999990e-01 2.714938500000000143e+00 1.066325400000000023e+01 1.873434800000000067e+01 -1.505907400000000042e-03 -9.410851100000000276e-04 -4.650589499999999848e-03 -2.187142100000000081e-04 2.245217400000000009e-03 1.247651099999999916e-02 -2.359002299999999903e-05 3.803976700000000167e-04
1.048708099999999962e-05 2.886028399999999834e-05 -1.330518299999999943e-05 -2.297346299999999963e-04 -2.768465200000000078e-04 1.546709899999999934e-03 1.000102500000000063e-03 9.623138100000000299e-04 -3.266818700000000320e+01 1.415681299999999865e-01 3.146184400000000103e+00 -2.514127600000000129e+01 4.374320799999999565e+00 7.804886599999999675e+00 3.288775799999999805e+01 -2.286600099999999802e+00 1.840070400000000106e-01 2.550413400000000053e+00 1.873434800000000067e+01 5.215825199999999739e+01 -4.058843999999999820e-03 -1.900701400000000003e-03 -9.319739699999999433e-03 -1.042550400000000080e-03 2.153564599999999944e-03 3.971209600000000228e-02 6.425863500000000416e-05 8.586618500000000025e-04
-2.611546300000000126e-08 -1.273694699999999982e-08 -7.441504399999999580e-08 -8.975963999999999549e-07 -1.762922999999999926e-05 3.152098999999999829e-07 2.724236200000000133e-06 1.373656500000000042e-06 3.026215799999999907e-03 -1.778511099999999961e-04 -4.051550399999999819e-04 -1.317526600000000058e-03 -1.573714500000000099e-03 -4.566673700000000065e-03 -3.807941599999999788e-03 -7.936022200000000110e-04 -2.940870500000000221e-04 -3.910232000000000139e-04 -1.505907400000000042e-03 -4.058843999999999820e-03 1.442263500000000006e-03 2.690168899999999816e-04 1.159768399999999933e-04 -3.744884900000000172e-04 -1.133510000000000062e-04 3.354628199999999840e-06 -2.163649300000000030e-07 -2.136119899999999908e-08
-6.216045599999999523e-08 4.275415100000000005e-07 -4.369395599999999990e-08 -2.254399600000000207e-06 -1.420103099999999986e-05 -1.293685399999999975e-06 -3.404494999999999940e-07 1.182030300000000086e-06 1.868258299999999913e-03 -3.954694799999999703e-05 -4.224041600000000008e-05 -1.938861399999999976e-03 -2.321504799999999844e-05 2.040236899999999833e-03 6.079949699999999662e-04 -4.895323100000000503e-04 4.622350399999999979e-05 -4.560171800000000072e-04 -9.410851100000000276e-04 -1.900701400000000003e-03 2.690168899999999816e-04 8.651915099999999857e-04 3.608004800000000062e-06 7.570087599999999854e-04 1.695232700000000084e-05 -6.993548700000000061e-04 -5.966340300000000236e-08 -4.816152100000000091e-08
-2.403867399999999772e-07 7.957070000000000457e-07 -3.272599899999999970e-07 -1.571967499999999955e-05 -1.365482200000000030e-05 -3.585724500000000265e-05 -1.330507399999999959e-06 -2.312664200000000052e-06 -6.752779500000000157e-03 3.962859400000000028e-04 -1.947341499999999956e-03 1.871228700000000106e-02 5.559465500000000150e-03 1.086403900000000068e-02 1.093621399999999966e-02 2.643299500000000166e-03 6.655693299999999521e-04 1.747151099999999990e-03 -4.650589499999999848e-03 -9.319739699999999433e-03 1.159768399999999933e-04 3.608004800000000062e-06 7.047394200000000296e-03 -2.994377700000000128e-04 5.611458900000000031e-04 4.424008800000000380e-03 -5.933587100000000461e-07 -1.049844499999999948e-06
-3.912856700000000212e-07 2.158348399999999967e-06 -2.610105099999999765e-07 -8.348734999999999273e-06 -4.450508399999999803e-05 -8.032848599999999674e-06 -8.424671499999999524e-06 1.771860400000000060e-06 5.863008999999999755e-03 1.776371299999999890e-04 -1.184370699999999960e-04 1.679271499999999973e-02 8.544997000000000356e-03 1.325775600000000075e-02 2.534094800000000029e-03 -7.351238200000000458e-04 -9.599824799999999913e-04 -3.176140600000000027e-04 -2.187142100000000081e-04 -1.042550400000000080e-03 -3.744884900000000172e-04 7.570087599999999854e-04 -2.994377700000000128e-04 2.991351900000000039e-03 4.881180100000000188e-04 -9.360800699999999872e-04 2.609287599999999963e-07 7.295438799999999993e-07
-8.207608600000000480e-07 4.088810999999999806e-06 -5.996695099999999917e-07 -1.641062400000000072e-05 -4.642824399999999742e-05 -2.686667599999999911e-05 -9.853661999999999577e-06 -3.058132599999999772e-07 8.273822199999999322e-03 -2.986452100000000259e-04 1.092771300000000079e-03 -5.353058899999999821e-03 5.948022699999999663e-03 2.479878699999999835e-03 -3.339806800000000124e-03 -1.430838700000000054e-03 -8.094636799999999511e-04 2.704142799999999821e-04 2.245217400000000009e-03 2.153564599999999944e-03 -1.133510000000000062e-04 1.695232700000000084e-05 5.611458900000000031e-04 4.881180100000000188e-04 6.372329399999999630e-03 7.605355900000000148e-03 3.208231099999999890e-07 7.950000799999999842e-07
-1.886845899999999935e-06 1.775207500000000062e-05 -2.361165799999999971e-06 -4.036885799999999743e-05 -1.940842200000000091e-04 -2.040709300000000069e-05 -3.886628400000000045e-05 1.084517999999999939e-05 -2.698864000000000124e-02 3.164889699999999962e-04 5.657777799999999741e-04 -2.611260199999999865e-02 1.277299800000000068e-02 1.153551700000000034e-02 2.707305100000000075e-02 6.968075699999999595e-03 -4.665561700000000166e-03 -2.533027399999999898e-03 1.247651099999999916e-02 3.971209600000000228e-02 3.354628199999999840e-06 -6.993548700000000061e-04 4.424008800000000380e-03 -9.360800699999999872e-04 7.605355900000000148e-03 7.160900400000000388e-02 -5.169399299999999797e-07 -6.685326699999999626e-07
2.063397999999999909e-09 2.765831100000000094e-09 6.482379600000000394e-10 -4.593652999999999874e-08 -5.925602399999999907e-08 9.210883400000000114e-08 -7.548725100000000349e-08 8.389692900000000725e-09 -2.117541000000000128e-04 2.872835599999999803e-06 1.255538900000000035e-04 3.417870999999999843e-03 1.952749999999999896e-05 4.277591200000000035e-04 4.893029699999999716e-04 -9.503308199999999388e-05 1.701649400000000039e-04 -1.825333500000000063e-04 -2.359002299999999903e-05 6.425863500000000416e-05 -2.163649300000000030e-07 -5.966340300000000236e-08 -5.933587100000000461e-07 2.609287599999999963e-07 3.208231099999999890e-07 -5.169399299999999797e-07 3.727307899999999836e-07 -7.129816400000000190e-09
-1.804895700000000120e-10 -1.898698100000000044e-08 3.326787900000000206e-10 -2.855448600000000152e-08 4.008514999999999813e-07 -1.173569800000000035e-07 -1.874652299999999921e-08 4.167875399999999655e-09 7.348303200000000325e-04 -2.460634599999999936e-06 -3.139072800000000077e-05 4.351618699999999828e-04 1.536828799999999905e-04 -3.607949600000000148e-04 -1.355853300000000065e-03 1.881844299999999897e-06 -3.882197800000000183e-05 -4.918930199999999893e-05 3.803976700000000167e-04 8.586618500000000025e-04 -2.136119899999999908e-08 -4.816152100000000091e-08 -1.049844499999999948e-06 7.295438799999999993e-07 7.950000799999999842e-07 -6.685326699999999626e-07 -7.129816400000000190e-09 3.811567000000000000e-07
