 omegabh2	omegach2	theta	tau	w	logA	ns	calPlanck	acib217	xi	asz143	aps100	aps143	aps143217	aps217	aksz	kgal100	kgal143	kgal143217	kgal217	galfTE100	galfTE100143	galfTE100217	galfTE143	galfTE143217	galfTE217	cal0	cal2
2.02E-08	-8.54E-08	1.35E-08	1.94E-07	1.49E-06	2.85E-07	2.24E-07	1.18E-08	-6.97E-05	1.52E-06	2.05E-05	-3.77E-04	-1.98E-04	-4.84E-05	4.04E-06	-3.22E-05	2.83E-06	-1.12E-05	-8.72E-06	1.05E-05	-2.61E-08	-6.22E-08	-2.40E-07	-3.91E-07	-8.21E-07	-1.89E-06	2.06E-09	-1.80E-10
-8.54E-08	1.35E-06	-1.03E-07	-1.75E-06	-2.10E-05	-5.08E-07	-3.14E-06	-1.36E-07	-1.11E-04	-9.93E-07	-5.54E-05	3.19E-04	5.47E-04	3.71E-04	5.13E-04	9.15E-05	-8.82E-06	-1.63E-05	-2.75E-05	2.89E-05	-1.27E-08	4.28E-07	7.96E-07	2.16E-06	4.09E-06	1.78E-05	2.77E-09	-1.90E-08
1.35E-08	-1.03E-07	9.20E-08	1.82E-07	2.34E-06	2.08E-07	3.42E-07	7.97E-10	-1.29E-05	8.00E-07	6.86E-06	-5.83E-05	-6.61E-06	3.02E-05	1.52E-05	-8.97E-06	5.10E-06	-9.40E-06	-1.21E-05	-1.33E-05	-7.44E-08	-4.37E-08	-3.27E-07	-2.61E-07	-6.00E-07	-2.36E-06	6.48E-10	3.33E-10
1.94E-07	-1.75E-06	1.82E-07	6.21E-05	3.29E-05	1.20E-04	7.13E-06	4.53E-08	-1.72E-03	4.56E-05	6.98E-04	-1.22E-02	-3.86E-03	3.37E-04	1.21E-03	-1.35E-03	-5.91E-04	-5.06E-04	-3.92E-04	-2.30E-04	-8.98E-07	-2.25E-06	-1.57E-05	-8.35E-06	-1.64E-05	-4.04E-05	-4.59E-08	-2.86E-08
1.49E-06	-2.10E-05	2.34E-06	3.29E-05	9.42E-04	1.50E-05	4.98E-05	-2.26E-07	1.43E-03	1.15E-05	-2.22E-04	1.07E-02	-9.33E-03	-1.04E-02	-9.67E-03	-4.37E-04	5.32E-04	2.94E-04	6.07E-04	-2.77E-04	-1.76E-05	-1.42E-05	-1.37E-05	-4.45E-05	-4.64E-05	-1.94E-04	-5.93E-08	4.01E-07
2.85E-07	-5.08E-07	2.08E-07	1.20E-04	1.50E-05	2.68E-04	5.96E-06	1.26E-05	-4.39E-03	1.27E-04	1.35E-03	-2.26E-02	-4.84E-03	4.55E-03	1.01E-02	-3.42E-03	-1.40E-03	-1.84E-03	-1.42E-03	1.55E-03	3.15E-07	-1.29E-06	-3.59E-05	-8.03E-06	-2.69E-05	-2.04E-05	9.21E-08	-1.17E-07
2.24E-07	-3.14E-06	3.42E-07	7.13E-06	4.98E-05	5.96E-06	1.64E-05	3.33E-07	-3.96E-03	1.06E-04	8.56E-04	-2.00E-02	-5.72E-03	1.70E-03	4.28E-03	-2.15E-03	2.44E-04	-3.97E-04	-3.46E-04	1.00E-03	2.72E-06	-3.40E-07	-1.33E-06	-8.42E-06	-9.85E-06	-3.89E-05	-7.55E-08	-1.87E-08
1.18E-08	-1.36E-07	7.97E-10	4.53E-08	-2.26E-07	1.26E-05	3.33E-07	6.42E-06	5.83E-04	-4.39E-06	1.05E-05	3.31E-03	8.12E-04	5.09E-04	1.50E-03	-7.31E-05	6.00E-05	-8.56E-05	-3.42E-05	9.62E-04	1.37E-06	1.18E-06	-2.31E-06	1.77E-06	-3.06E-07	1.08E-05	8.39E-09	4.17E-09
-6.97E-05	-1.11E-04	-1.29E-05	-1.72E-03	1.43E-03	-4.39E-03	-3.96E-03	5.83E-04	4.45E+01	-4.09E-01	-7.31E-01	3.67E+01	1.75E+00	-1.32E+01	-5.52E+01	-1.69E-01	6.24E-02	7.56E-01	-5.48E+00	-3.27E+01	3.03E-03	1.87E-03	-6.75E-03	5.86E-03	8.27E-03	-2.70E-02	-2.12E-04	7.35E-04
1.52E-06	-9.93E-07	8.00E-07	4.56E-05	1.15E-05	1.27E-04	1.06E-04	-4.39E-06	-4.09E-01	8.04E-02	-2.94E-02	-7.34E-01	9.13E-01	1.72E+00	6.84E-01	3.02E-02	-5.50E-03	6.31E-03	1.06E-01	1.42E-01	-1.78E-04	-3.95E-05	3.96E-04	1.78E-04	-2.99E-04	3.16E-04	2.87E-06	-2.46E-06
2.05E-05	-5.54E-05	6.86E-06	6.98E-04	-2.22E-04	1.35E-03	8.56E-04	1.05E-05	-7.31E-01	-2.94E-02	3.76E+00	-3.01E+01	-3.00E+00	7.63E+00	4.99E+00	-2.60E+00	-2.28E-01	9.11E-02	2.57E+00	3.15E+00	-4.05E-04	-4.22E-05	-1.95E-03	-1.18E-04	1.09E-03	5.66E-04	1.26E-04	-3.14E-05
-3.77E-04	3.19E-04	-5.83E-05	-1.22E-02	1.07E-02	-2.26E-02	-2.00E-02	3.31E-03	3.67E+01	-7.34E-01	-3.01E+01	7.63E+02	6.36E+01	-6.01E+01	-6.28E+01	1.36E+01	-5.61E+00	5.86E+00	-1.25E+01	-2.51E+01	-1.32E-03	-1.94E-03	1.87E-02	1.68E-02	-5.35E-03	-2.61E-02	3.42E-03	4.35E-04
-1.98E-04	5.47E-04	-6.61E-06	-3.86E-03	-9.33E-03	-4.84E-03	-5.72E-03	8.12E-04	1.75E+00	9.13E-01	-3.00E+00	6.36E+01	5.98E+01	3.94E+01	1.43E+01	-4.90E+00	-6.61E-01	-1.37E+00	3.56E+00	4.37E+00	-1.57E-03	-2.32E-05	5.56E-03	8.54E-03	5.95E-03	1.28E-02	1.95E-05	1.54E-04
-4.84E-05	3.71E-04	3.02E-05	3.37E-04	-1.04E-02	4.55E-03	1.70E-03	5.09E-04	-1.32E+01	1.72E+00	7.63E+00	-6.01E+01	3.94E+01	8.47E+01	5.23E+01	-1.15E+01	-9.69E-01	-1.02E+00	4.60E+00	7.80E+00	-4.57E-03	2.04E-03	1.09E-02	1.33E-02	2.48E-03	1.15E-02	4.28E-04	-3.61E-04
4.04E-06	5.13E-04	1.52E-05	1.21E-03	-9.67E-03	1.01E-02	4.28E-03	1.50E-03	-5.52E+01	6.84E-01	4.99E+00	-6.28E+01	1.43E+01	5.23E+01	1.03E+02	-8.75E+00	-5.87E-01	-1.60E+00	5.03E+00	3.29E+01	-3.81E-03	6.08E-04	1.09E-02	2.53E-03	-3.34E-03	2.71E-02	4.89E-04	-1.36E-03
-3.22E-05	9.15E-05	-8.97E-06	-1.35E-03	-4.37E-04	-3.42E-03	-2.15E-03	-7.31E-05	-1.69E-01	3.02E-02	-2.60E+00	1.36E+01	-4.90E+00	-1.15E+01	-8.75E+00	5.61E+00	1.67E-01	-1.32E-01	-2.04E+00	-2.29E+00	-7.94E-04	-4.90E-04	2.64E-03	-7.35E-04	-1.43E-03	6.97E-03	-9.50E-05	1.88E-06
2.83E-06	-8.82E-06	5.10E-06	-5.91E-04	5.32E-04	-1.40E-03	2.44E-04	6.00E-05	6.24E-02	-5.50E-03	-2.28E-01	-5.61E+00	-6.61E-01	-9.69E-01	-5.87E-01	1.67E-01	3.37E+00	6.54E-01	1.53E-01	1.84E-01	-2.94E-04	4.62E-05	6.66E-04	-9.60E-04	-8.09E-04	-4.67E-03	1.70E-04	-3.88E-05
-1.12E-05	-1.63E-05	-9.40E-06	-5.06E-04	2.94E-04	-1.84E-03	-3.97E-04	-8.56E-05	7.56E-01	6.31E-03	9.11E-02	5.86E+00	-1.37E+00	-1.02E+00	-1.60E+00	-1.32E-01	6.54E-01	3.25E+00	2.71E+00	2.55E+00	-3.91E-04	-4.56E-04	1.75E-03	-3.18E-04	2.70E-04	-2.53E-03	-1.83E-04	-4.92E-05
-8.72E-06	-2.75E-05	-1.21E-05	-3.92E-04	6.07E-04	-1.42E-03	-3.46E-04	-3.42E-05	-5.48E+00	1.06E-01	2.57E+00	-1.25E+01	3.56E+00	4.60E+00	5.03E+00	-2.04E+00	1.53E-01	2.71E+00	1.07E+01	1.87E+01	-1.51E-03	-9.41E-04	-4.65E-03	-2.19E-04	2.25E-03	1.25E-02	-2.36E-05	3.80E-04
1.05E-05	2.89E-05	-1.33E-05	-2.30E-04	-2.77E-04	1.55E-03	1.00E-03	9.62E-04	-3.27E+01	1.42E-01	3.15E+00	-2.51E+01	4.37E+00	7.80E+00	3.29E+01	-2.29E+00	1.84E-01	2.55E+00	1.87E+01	5.22E+01	-4.06E-03	-1.90E-03	-9.32E-03	-1.04E-03	2.15E-03	3.97E-02	6.43E-05	8.59E-04
-2.61E-08	-1.27E-08	-7.44E-08	-8.98E-07	-1.76E-05	3.15E-07	2.72E-06	1.37E-06	3.03E-03	-1.78E-04	-4.05E-04	-1.32E-03	-1.57E-03	-4.57E-03	-3.81E-03	-7.94E-04	-2.94E-04	-3.91E-04	-1.51E-03	-4.06E-03	1.44E-03	2.69E-04	1.16E-04	-3.74E-04	-1.13E-04	3.35E-06	-2.16E-07	-2.14E-08
-6.22E-08	4.28E-07	-4.37E-08	-2.25E-06	-1.42E-05	-1.29E-06	-3.40E-07	1.18E-06	1.87E-03	-3.95E-05	-4.22E-05	-1.94E-03	-2.32E-05	2.04E-03	6.08E-04	-4.90E-04	4.62E-05	-4.56E-04	-9.41E-04	-1.90E-03	2.69E-04	8.65E-04	3.61E-06	7.57E-04	1.70E-05	-6.99E-04	-5.97E-08	-4.82E-08
-2.40E-07	7.96E-07	-3.27E-07	-1.57E-05	-1.37E-05	-3.59E-05	-1.33E-06	-2.31E-06	-6.75E-03	3.96E-04	-1.95E-03	1.87E-02	5.56E-03	1.09E-02	1.09E-02	2.64E-03	6.66E-04	1.75E-03	-4.65E-03	-9.32E-03	1.16E-04	3.61E-06	7.05E-03	-2.99E-04	5.61E-04	4.42E-03	-5.93E-07	-1.05E-06
-3.91E-07	2.16E-06	-2.61E-07	-8.35E-06	-4.45E-05	-8.03E-06	-8.42E-06	1.77E-06	5.86E-03	1.78E-04	-1.18E-04	1.68E-02	8.54E-03	1.33E-02	2.53E-03	-7.35E-04	-9.60E-04	-3.18E-04	-2.19E-04	-1.04E-03	-3.74E-04	7.57E-04	-2.99E-04	2.99E-03	4.88E-04	-9.36E-04	2.61E-07	7.30E-07
-8.21E-07	4.09E-06	-6.00E-07	-1.64E-05	-4.64E-05	-2.69E-05	-9.85E-06	-3.06E-07	8.27E-03	-2.99E-04	1.09E-03	-5.35E-03	5.95E-03	2.48E-03	-3.34E-03	-1.43E-03	-8.09E-04	2.70E-04	2.25E-03	2.15E-03	-1.13E-04	1.70E-05	5.61E-04	4.88E-04	6.37E-03	7.61E-03	3.21E-07	7.95E-07
-1.89E-06	1.78E-05	-2.36E-06	-4.04E-05	-1.94E-04	-2.04E-05	-3.89E-05	1.08E-05	-2.70E-02	3.16E-04	5.66E-04	-2.61E-02	1.28E-02	1.15E-02	2.71E-02	6.97E-03	-4.67E-03	-2.53E-03	1.25E-02	3.97E-02	3.35E-06	-6.99E-04	4.42E-03	-9.36E-04	7.61E-03	7.16E-02	-5.17E-07	-6.69E-07
2.06E-09	2.77E-09	6.48E-10	-4.59E-08	-5.93E-08	9.21E-08	-7.55E-08	8.39E-09	-2.12E-04	2.87E-06	1.26E-04	3.42E-03	1.95E-05	4.28E-04	4.89E-04	-9.50E-05	1.70E-04	-1.83E-04	-2.36E-05	6.43E-05	-2.16E-07	-5.97E-08	-5.93E-07	2.61E-07	3.21E-07	-5.17E-07	3.73E-07	-7.13E-09
-1.80E-10	-1.90E-08	3.33E-10	-2.86E-08	4.01E-07	-1.17E-07	-1.87E-08	4.17E-09	7.35E-04	-2.46E-06	-3.14E-05	4.35E-04	1.54E-04	-3.61E-04	-1.36E-03	1.88E-06	-3.88E-05	-4.92E-05	3.80E-04	8.59E-04	-2.14E-08	-4.82E-08	-1.05E-06	7.30E-07	7.95E-07	-6.69E-07	-7.13E-09	3.81E-07
